MATLAB is selecting SOFTWARE OPENGL rendering.
[?1h=
                                               < M A T L A B (R) >
                                     Copyright 1984-2013 The MathWorks, Inc.
                                       R2013a (8.1.0.604) 64-bit (glnxa64)
                                                February 15, 2013

 
To get started, type one of these: helpwin, helpdesk, or demo.
For product information, visit www.mathworks.com.
 
1 4375.6901 10.5868 1.4535 1.9226 0.47147
13 301.4973 4.8109 0.87047 4.0305 1.2679
25 49.1283 1.7665 0.38145 6.5685 2.4078
1 4161.8675 6.2844 0.71653 1.2025 0.24756
13 192.1311 1.4905 0.19433 1.6748 0.39135
25 18.893 0.35491 0.062488 3.7663 1.1539
1 5065.7761 105.4399 32.0683 38.5722 17.9147
13 586.2764 22.6804 5.3432 17.3594 6.7804
25 163.7999 7.6812 1.5266 10.6786 3.6258
1 4643.1419 11.2625 1.4467 3.3246 0.76321
13 336.6186 2.803 0.36005 3.2962 0.75752
25 53.7917 0.8055 0.11248 4.1495 1.0282
1 4343.3734 4.3909 0.37781 1.2325 0.19389
13 195.6047 0.59566 0.043891 0.82092 0.11159
25 17.617 0.11538 0.011173 1.5273 0.27099
1 3951.1794 3.1004 0.29383 0.74979 0.12974
13 77.3699 0.2537 0.024045 0.72478 0.12583
25 2.5805 0.0144 0.0015088 0.96829 0.18418
1 5848.2481 16.1314 1.653 1.8944 0.35147
13 771.3444 5.1223 0.49926 1.7027 0.30071
25 221.2899 2.048 0.20986 1.7601 0.3291
1 5122.6094 7.9545 0.81509 1.8163 0.33852
13 352.9416 1.1742 0.094664 1.0355 0.15309
25 48.7112 0.2636 0.024303 1.3993 0.23582
1 4713.1098 4.6163 0.39978 1.1691 0.18604
13 189.9868 0.39333 0.02327 0.57712 0.062402
25 14.0775 0.059839 0.0048243 1.0952 0.16103
1 4201.9936 3.5847 0.34008 0.80068 0.13774
13 68.3609 0.15978 0.013368 0.60051 0.091459
25 1.792 0.0061887 0.00051778 0.61087 0.09287
1 6795.1939 11.6388 1.0079 1.0714 0.1718
13 891.3015 2.8647 0.21245 0.89995 0.12208
25 231.8678 1.0182 0.082091 1.0317 0.15259
1 5705.3169 6.496 0.52373 1.015 0.15034
13 357.4909 0.73336 0.043386 0.62511 0.067034
25 41.606 0.11361 0.007621 0.71748 0.088253
1 5144.9252 3.6664 0.24595 0.68751 0.084901
13 179.6114 0.26321 0.013161 0.48572 0.043599
25 10.8403 0.023319 0.0013796 0.60152 0.064769
1 4514.7223 2.6431 0.14477 0.45063 0.041289
13 59.8757 0.10648 0.0075289 0.54803 0.068484
25 1.2372 0.0028906 0.0002044 0.48125 0.061158
1 3686.8981 1.7873 0.097893 0.48686 0.043831
13 34.4571 0.088562 0.0074097 0.62737 0.095107
25 0.48712 0.0020809 0.00019742 0.81816 0.14042
1 3883.7056 1.8191 0.12863 0.48565 0.061651
13 28.7059 0.053602 0.0037902 0.52836 0.066357
25 0.30996 0.00087612 7.3302e-05 0.58789 0.089731
1 4129.2395 2.1071 0.11541 0.50078 0.044773
13 23.9734 0.036244 0.0030324 0.52271 0.080671
25 0.20109 0.00042879 3.032e-05 0.54806 0.068487
[?1l>