MATLAB is selecting SOFTWARE OPENGL rendering.
[?1h=
                                                            < M A T L A B (R) >
                                                  Copyright 1984-2013 The MathWorks, Inc.
                                                    R2013a (8.1.0.604) 64-bit (glnxa64)
                                                             February 15, 2013

 
To get started, type one of these: helpwin, helpdesk, or demo.
For product information, visit www.mathworks.com.
 
1 12140.1141 40.4351 6.6047 2.9784 0.85898
17 1004.5361 12.7665 2.1611 3.3783 1.0017
33 210.9759 4.9848 0.92702 4.3184 1.394

guess_base =

  148.9271    0.1566         0         0         0         0         0         0

1 10920.1217 17.9416 2.4681 1.9917 0.48717
17 416.6069 2.2378 0.27353 1.4812 0.32438
33 35.5534 0.3021 0.03931 1.6272 0.38079

guess_base =

   30.1186    0.2043         0         0         0         0         0         0

1 10230.3208 7.2656 0.68791 0.81526 0.13969
17 200.1101 0.57468 0.05441 0.75223 0.12999
33 7.7163 0.042789 0.004869 1.141 0.23578

guess_base =

    7.3263    0.2479         0         0         0         0         0         0

1 12893.4261 38.3828 5.7864 2.4456 0.65429
17 1061.4374 7.714 0.9998 1.6924 0.3926
33 208.9705 2.1294 0.27599 1.5832 0.3702

guess_base =

  163.8318    0.1559         0         0         0         0         0         0

1 11419.1569 12.1513 1.3855 1.0912 0.22699
17 407.0861 1.2766 0.12111 0.82251 0.14108
33 30.3562 0.16443 0.017245 1.0126 0.19185

guess_base =

   27.5918    0.2089         0         0         0         0         0         0

1 16412.6709 41.3703 5.4637 0.67769 0.16497
17 2127.8813 13.7132 1.8111 0.90389 0.21343
33 601.3106 5.2393 0.69195 0.93527 0.21987

guess_base =

  509.8117    0.1285         0         0         0         0         0         0

1 14546.304 20.6001 2.1435 0.84235 0.16131
17 1127.3503 3.4843 0.32794 0.67822 0.11765
33 187.625 0.80171 0.066546 0.66947 0.099946

guess_base =

  168.4507    0.1598         0         0         0         0         0         0

1 12498.6576 10.2525 0.96685 0.66066 0.1151
17 376.8368 0.72337 0.050846 0.50494 0.063412
33 21.9821 0.072206 0.0068093 0.7432 0.12808

guess_base =

   21.4089    0.2209         0         0         0         0         0         0

1 16648.3481 66.5186 15.5463 1.7502 0.69932
17 1164.3188 7.6405 1.4858 1.0211 0.34917
33 162.0584 1.5432 0.33176 1.4816 0.54451

guess_base =

  155.9177    0.1676         0         0         0         0         0         0

1 13751.6019 19.5239 3.076 0.66384 0.1883
17 342.2083 1.0893 0.14504 0.60367 0.14002
33 15.6028 0.080277 0.012648 0.70929 0.19957

guess_base =

   15.4633    0.2354         0         0         0         0         0         0

[?1l>