ens                             ps      ps2     i5      sc      ij      ri5     rij
f4plus8l32t64b40m005m050	20	24	20	15	15	13	18
f4plus8l32t64b40m010m050	21	27	21	15	15	17	17
f4plus8l32t64b40m015m050	17	25	17	18	18	15	15
f4plus8l32t64b40m005m060	24	24	24	20	20	15	15
f4plus8l32t64b40m010m060	15	24	15	14	14	20	20
f4plus8l32t64b40m003m080	20	20	20	23	23	10	10
f4plus8l32t64b40m005m080	15	23	15	15	15	13	13
f4plus8l32t64b40m010m080	11	24	11	14	14	11	11
f4plus8l32t64b40m005m100	16	19	23	20	20	10	10
f4plus8l32t64b40m010m100	12	16	12	10	10	10	10
f4plus8l36t64b40m003m080	16	20	16	23	23	15	15
f4plus8l48t96b40m005m050	16	28	16	11	11	15	15
f4plus8l48t96b40m010m050	16	28	16	18	18	15	15
