f4plus8l24t48b40m010m050	900	20	504	6	2	120	40	20	502	5
f4plus8l24t48b40m015m050	1100	20	500	4	1	80	20	20	501	3
f4plus8l24t48b40m005m060	0	10	1000	15	6	150	60	20	500	4
f4plus8l24t48b40m010m060	0	10	1000	4	1	40	10	20	1000	3
f4plus8l24t48b40m015m060	400	10	1013	2	0	20	0	20	1005	2
f4plus8l24t48b40m025m060	400	20	501	1	0	20	0	20	1007	2
f4plus8l24t48b40m035m060	400	20	500	1	0	20	0	20	526	2
f4plus8l24t48b40m005m080	0	10	1000	2	0	20	0	20	1000	3
f4plus8l24t48b40m010m080	0	10	1000	2	0	20	0	20	1000	2
f4plus8l24t48b40m015m080	0	10	1000	1	0	10	0	20	1000	2
f4plus8l24t48b40m025m080	400	20	500	1	0	20	0	20	1004	2
f4plus8l24t48b40m035m080	400	20	500	1	0	20	0	20	500	1
f4plus8l24t48b40m005m100	0	10	1000	1	0	10	0	20	500	2
f4plus8l24t48b40m010m100	0	20	1000	1	0	20	0	20	1000	2
f4plus8l24t48b40m015m100	0	10	1000	1	0	10	0	20	500	2
f4plus8l24t48b40m025m100	400	20	500	1	0	20	0	20	500	2
f4plus8l24t48b40m035m100	400	20	500	1	0	20	0	20	500	1
f4plus8l32t64b40m005m050	600	20	506	5	1	100	20	20	506	5
f4plus8l32t64b40m010m050	300	20	502	2	0	40	0	20	502	3
f4plus8l32t64b40m015m050	300	20	502	1	0	20	0	20	502	3
f4plus8l32t64b40m005m060	300	20	506	2	0	40	0	20	501	5
f4plus8l32t64b40m010m060	300	20	500	1	0	20	0	20	500	5
f4plus8l32t64b40m003m080	300	20	258	1	0	20	0	40	129	1
f4plus8l32t64b40m005m080	200	20	508	1	0	20	0	20	507	2
f4plus8l32t64b40m010m080	200	20	506	1	0	20	0	20	500	2
