ens				ps	ps2	i5	sc	ij	ri5	rij
f4plus8l24t48b40m035m040	17	21	17	15	15	7	7
f4plus8l24t48b40m010m050	18	20	18	11	11	14	13
f4plus8l24t48b40m015m050	16	20	16	16	12	11	13
f4plus8l24t48b40m035m050	17	21	17	15	15	7	7
f4plus8l24t48b40m005m060	18	18	18	17	17	11	11
f4plus8l24t48b40m010m060	20	20	20	12	12	12	12
f4plus8l24t48b40m015m060	13	20	15	16	16	12	12
f4plus8l24t48b40m025m060	16	18	16	16	16	8	8
f4plus8l24t48b40m035m060	17	19	17	15	15	11	11
f4plus8l24t48b40m005m080	15	18	15	17	17	11	11
f4plus8l24t48b40m010m080	16	18	16	14	12	11	11
f4plus8l24t48b40m015m080	15	20	9	14	14	9	9
f4plus8l24t48b40m025m080	15	18	15	14	14	7	7
f4plus8l24t48b40m035m080	16	18	16	14	14	13	13
f4plus8l24t48b40m005m100	12	16	17	15	14	9	10
f4plus8l24t48b40m010m100	13	18	11	14	14	7	7
f4plus8l24t48b40m015m100	15	18	15	12	12	11	11
f4plus8l24t48b40m025m100	15	16	15	14	14	8	8
f4plus8l24t48b40m035m100	15	16	15	13	13	7	7
