   0.0000000e+00   1.4229616e+00   1.4150080e+00   1.4226397e+00   1.4201906e+00   1.4214652e+00   1.4327512e+00   2.7855827e-03   2.7981665e-03   2.3174684e-03   2.6870532e-03   3.2784942e-03   2.7727292e-03
   1.0000000e+00   1.4218348e+00   1.4197005e+00   1.4206502e+00   1.4189020e+00   1.4227203e+00   1.4298648e+00   2.8441003e-03   2.8552376e-03   2.6315986e-03   2.6103322e-03   3.1035413e-03   2.6792111e-03
   2.0000000e+00   1.4245357e+00   1.4227775e+00   1.4215478e+00   1.4184284e+00   1.4248880e+00   1.4262816e+00   2.8309796e-03   2.5932984e-03   2.7068267e-03   2.8323110e-03   3.1180662e-03   2.7013761e-03
   3.0000000e+00   1.4248559e+00   1.4254959e+00   1.4200978e+00   1.4180709e+00   1.4232061e+00   1.4238983e+00   2.8557130e-03   2.6099800e-03   2.5682815e-03   2.8612933e-03   3.0817596e-03   2.9013364e-03
   4.0000000e+00   1.4247445e+00   1.4300263e+00   1.4204025e+00   1.4169158e+00   1.4243971e+00   1.4214273e+00   2.6631391e-03   2.7153953e-03   2.6612961e-03   2.7462658e-03   2.8593194e-03   2.7026284e-03
   5.0000000e+00   1.4259969e+00   1.4274059e+00   1.4204165e+00   1.4143894e+00   1.4241086e+00   1.4217427e+00   2.6711763e-03   2.8443343e-03   2.5979401e-03   2.7683846e-03   2.7487215e-03   2.7025451e-03
   6.0000000e+00   1.4239973e+00   1.4277885e+00   1.4194768e+00   1.4128669e+00   1.4254174e+00   1.4177223e+00   2.6863310e-03   2.9348790e-03   2.5149945e-03   2.7229092e-03   2.8099258e-03   2.6837971e-03
   7.0000000e+00   1.4267216e+00   1.4259367e+00   1.4187814e+00   1.4130348e+00   1.4269831e+00   1.4163604e+00   2.8137269e-03   2.8649032e-03   2.3734868e-03   2.7483666e-03   2.7552072e-03   2.5948037e-03
   8.0000000e+00   1.4286057e+00   1.4250225e+00   1.4171917e+00   1.4112592e+00   1.4251767e+00   1.4158292e+00   2.9872985e-03   2.8345426e-03   2.4897604e-03   2.7357606e-03   2.9205750e-03   2.5071159e-03
   9.0000000e+00   1.4272187e+00   1.4211860e+00   1.4179752e+00   1.4095813e+00   1.4245326e+00   1.4169051e+00   2.8005816e-03   2.7853229e-03   2.5413744e-03   2.7482256e-03   2.8839241e-03   2.6580053e-03
   1.0000000e+01   1.4274161e+00   1.4182259e+00   1.4172355e+00   1.4102549e+00   1.4227501e+00   1.4193667e+00   2.7134171e-03   2.7546015e-03   2.4018820e-03   2.6042116e-03   3.0890143e-03   2.7463873e-03
   1.1000000e+01   1.4272677e+00   1.4163895e+00   1.4141608e+00   1.4106823e+00   1.4224042e+00   1.4209608e+00   2.5647818e-03   2.8024898e-03   2.4579719e-03   2.5536647e-03   3.0091765e-03   2.9174530e-03
   1.2000000e+01   1.4280844e+00   1.4167495e+00   1.4124931e+00   1.4081680e+00   1.4204489e+00   1.4188111e+00   2.4933017e-03   2.6843771e-03   2.3098276e-03   2.6101769e-03   3.1438712e-03   2.7429630e-03
   1.3000000e+01   1.4282315e+00   1.4147525e+00   1.4124108e+00   1.4109665e+00   1.4209076e+00   1.4162723e+00   2.4674882e-03   2.8027606e-03   2.3086404e-03   2.5858185e-03   3.0112357e-03   2.9573480e-03
   1.4000000e+01   1.4258723e+00   1.4152201e+00   1.4135369e+00   1.4140027e+00   1.4193796e+00   1.4150414e+00   2.4108062e-03   2.8609098e-03   2.4324308e-03   2.5950756e-03   2.9683193e-03   3.0666473e-03
   1.5000000e+01   1.4256232e+00   1.4167189e+00   1.4129127e+00   1.4165373e+00   1.4158335e+00   1.4120510e+00   2.5667105e-03   2.7332364e-03   2.4254845e-03   2.7906314e-03   3.0626005e-03   2.8984296e-03
   1.6000000e+01   1.4260685e+00   1.4174565e+00   1.4153736e+00   1.4192717e+00   1.4132509e+00   1.4110406e+00   2.7106090e-03   2.5978128e-03   2.4884058e-03   2.8994977e-03   2.9494612e-03   2.7948196e-03
   1.7000000e+01   1.4250476e+00   1.4192117e+00   1.4158766e+00   1.4207327e+00   1.4127608e+00   1.4086984e+00   2.7787472e-03   2.5220083e-03   2.5545891e-03   2.8379458e-03   2.9656621e-03   2.7464335e-03
   1.8000000e+01   1.4239288e+00   1.4220548e+00   1.4173085e+00   1.4229907e+00   1.4157508e+00   1.4096593e+00   2.5723708e-03   2.5006661e-03   2.6850485e-03   2.6775488e-03   2.9209852e-03   2.5803900e-03
   1.9000000e+01   1.4243809e+00   1.4217163e+00   1.4173135e+00   1.4218500e+00   1.4152875e+00   1.4113129e+00   2.6034187e-03   2.5486655e-03   2.6316347e-03   2.6647979e-03   3.0125231e-03   2.6088957e-03
   2.0000000e+01   1.4243410e+00   1.4225067e+00   1.4180840e+00   1.4233624e+00   1.4148915e+00   1.4137148e+00   2.4457483e-03   2.7113818e-03   2.5062790e-03   2.5766296e-03   2.8148176e-03   2.6157105e-03
   2.1000000e+01   1.4241447e+00   1.4198472e+00   1.4189477e+00   1.4252600e+00   1.4148702e+00   1.4148747e+00   2.5179830e-03   2.5455705e-03   2.4291550e-03   2.6340679e-03   2.7962981e-03   2.6275040e-03
   2.2000000e+01   1.4260629e+00   1.4204400e+00   1.4184034e+00   1.4250168e+00   1.4163014e+00   1.4166624e+00   2.6002754e-03   2.5314036e-03   2.4981726e-03   2.7189992e-03   2.7792896e-03   2.6288057e-03
   2.3000000e+01   1.4245430e+00   1.4191935e+00   1.4190002e+00   1.4258146e+00   1.4167024e+00   1.4190875e+00   2.6240416e-03   2.7190934e-03   2.6326228e-03   2.8489698e-03   2.8065910e-03   2.8197188e-03
   2.4000000e+01   1.4256967e+00   1.4209271e+00   1.4192506e+00   1.4247480e+00   1.4176547e+00   1.4200760e+00   2.8393791e-03   2.8115495e-03   2.5828617e-03   2.7480010e-03   2.6779756e-03   2.9802683e-03
   2.5000000e+01   1.4256838e+00   1.4195461e+00   1.4189910e+00   1.4238071e+00   1.4165826e+00   1.4166313e+00   2.7913369e-03   2.9305509e-03   2.7466357e-03   2.7211391e-03   2.6429890e-03   2.9233920e-03
   2.6000000e+01   1.4242867e+00   1.4190832e+00   1.4195145e+00   1.4232225e+00   1.4158327e+00   1.4162090e+00   2.8467540e-03   2.8218678e-03   2.6532255e-03   2.6968966e-03   2.9042922e-03   2.8181085e-03
   2.7000000e+01   1.4233279e+00   1.4216015e+00   1.4211244e+00   1.4245557e+00   1.4170068e+00   1.4175124e+00   2.8792909e-03   2.7087672e-03   2.6652402e-03   2.8808151e-03   2.9530166e-03   2.8499017e-03
   2.8000000e+01   1.4207342e+00   1.4254085e+00   1.4190915e+00   1.4252020e+00   1.4183370e+00   1.4155249e+00   2.8999738e-03   2.7093738e-03   2.4918474e-03   2.9055084e-03   3.0182451e-03   2.7859473e-03
   2.9000000e+01   1.4193241e+00   1.4263347e+00   1.4179532e+00   1.4256152e+00   1.4171673e+00   1.4142130e+00   2.8215650e-03   2.5629741e-03   2.6353204e-03   2.9392666e-03   2.8752049e-03   2.9475627e-03
   3.0000000e+01   1.4199498e+00   1.4248674e+00   1.4182649e+00   1.4230109e+00   1.4174669e+00   1.4152182e+00   2.7757543e-03   2.6433038e-03   2.4665421e-03   2.9878743e-03   2.9787269e-03   2.8166403e-03
   3.1000000e+01   1.4230749e+00   1.4258393e+00   1.4167129e+00   1.4216074e+00   1.4175124e+00   1.4175280e+00   3.0117140e-03   2.6456330e-03   2.3193869e-03   3.0526830e-03   2.9136000e-03   2.7851890e-03
   3.2000000e+01   1.4225687e+00   1.4259901e+00   1.4173645e+00   1.4188198e+00   1.4184435e+00   1.4179165e+00   2.9480920e-03   2.8121899e-03   2.2811969e-03   3.0441045e-03   2.7027363e-03   2.9338240e-03
   3.3000000e+01   1.4217039e+00   1.4281524e+00   1.4178671e+00   1.4193205e+00   1.4194905e+00   1.4188666e+00   2.9129922e-03   2.8890436e-03   2.2927333e-03   2.9095103e-03   2.6499427e-03   2.8099897e-03
   3.4000000e+01   1.4225690e+00   1.4288091e+00   1.4204673e+00   1.4185687e+00   1.4207315e+00   1.4181663e+00   2.8494450e-03   2.8414814e-03   2.2898886e-03   2.7732654e-03   2.5318426e-03   2.9625898e-03
   3.5000000e+01   1.4234868e+00   1.4276011e+00   1.4218166e+00   1.4169947e+00   1.4228575e+00   1.4184679e+00   2.9514664e-03   2.8507038e-03   2.4498808e-03   2.6732032e-03   2.4296380e-03   2.8819343e-03
   3.6000000e+01   1.4240685e+00   1.4264455e+00   1.4234467e+00   1.4167474e+00   1.4234500e+00   1.4186932e+00   2.7178807e-03   2.6864615e-03   2.6981273e-03   2.8298983e-03   2.4851633e-03   2.7422761e-03
   3.7000000e+01   1.4266364e+00   1.4274216e+00   1.4238353e+00   1.4165005e+00   1.4259298e+00   1.4227139e+00   2.7750065e-03   2.7230381e-03   2.8701953e-03   2.5929226e-03   2.6961366e-03   2.5295617e-03
   3.8000000e+01   1.4267151e+00   1.4262542e+00   1.4243913e+00   1.4165762e+00   1.4289767e+00   1.4247978e+00   2.7334311e-03   2.7852578e-03   2.7828703e-03   2.5641096e-03   2.7461245e-03   2.4051929e-03
   3.9000000e+01   1.4260086e+00   1.4248848e+00   1.4235952e+00   1.4174599e+00   1.4304017e+00   1.4270062e+00   2.5411099e-03   2.6960022e-03   2.6474705e-03   2.6680250e-03   2.9125871e-03   2.3871084e-03
   4.0000000e+01   1.4236269e+00   1.4221042e+00   1.4251842e+00   1.4169018e+00   1.4295283e+00   1.4272869e+00   2.7319123e-03   2.9345504e-03   2.7493995e-03   2.7740065e-03   2.9163709e-03   2.6216496e-03
   4.1000000e+01   1.4235098e+00   1.4234901e+00   1.4297367e+00   1.4178663e+00   1.4263673e+00   1.4273204e+00   2.7420256e-03   3.1407745e-03   2.7311265e-03   2.5984405e-03   2.9691956e-03   2.6616484e-03
   4.2000000e+01   1.4235425e+00   1.4195455e+00   1.4277940e+00   1.4196204e+00   1.4222777e+00   1.4292431e+00   2.8431141e-03   3.0229970e-03   2.4715568e-03   2.6197670e-03   2.7551914e-03   2.7654884e-03
   4.3000000e+01   1.4229382e+00   1.4186974e+00   1.4252440e+00   1.4193903e+00   1.4198653e+00   1.4313721e+00   3.0089197e-03   2.8194921e-03   2.4246995e-03   2.5601062e-03   2.6827039e-03   2.5745884e-03
   4.4000000e+01   1.4223893e+00   1.4190045e+00   1.4260564e+00   1.4206985e+00   1.4206555e+00   1.4329473e+00   3.0508025e-03   2.8612468e-03   2.3207188e-03   2.7049008e-03   2.8200347e-03   2.5480075e-03
   4.5000000e+01   1.4209712e+00   1.4166074e+00   1.4243268e+00   1.4220711e+00   1.4219204e+00   1.4333007e+00   2.8730657e-03   2.6305355e-03   2.2479214e-03   2.9110405e-03   2.9730989e-03   2.6611620e-03
   4.6000000e+01   1.4216130e+00   1.4149927e+00   1.4231605e+00   1.4234355e+00   1.4220570e+00   1.4337166e+00   2.8058646e-03   2.5856892e-03   2.2111560e-03   2.9861707e-03   3.0975615e-03   2.7880211e-03
   4.7000000e+01   1.4214640e+00   1.4144642e+00   1.4228237e+00   1.4207183e+00   1.4215940e+00   1.4326099e+00   2.7845494e-03   2.6400205e-03   2.3676645e-03   2.8189810e-03   3.3285472e-03   2.8450912e-03
