   0.0000000e+00   1.8875310e+00   1.8932160e+00   1.9069067e+00   1.8864093e+00   1.8875403e+00   1.9094002e+00   2.5252053e-02   3.3959335e-02   2.5964972e-02   2.8146224e-02   2.2452061e-02   2.6959321e-02
   1.0000000e+00   1.8894276e+00   1.8956353e+00   1.9057672e+00   1.8861447e+00   1.8867275e+00   1.9123489e+00   2.5614976e-02   3.2788601e-02   2.1706722e-02   3.2000865e-02   2.2556610e-02   2.6653493e-02
   2.0000000e+00   1.8907459e+00   1.8973067e+00   1.9060571e+00   1.8855034e+00   1.8830517e+00   1.9177208e+00   2.4937953e-02   2.7957853e-02   2.2526417e-02   2.8788283e-02   2.3907903e-02   2.7057185e-02
   3.0000000e+00   1.8894921e+00   1.8960926e+00   1.9067928e+00   1.8892483e+00   1.8847035e+00   1.9161215e+00   2.2768051e-02   2.6418393e-02   2.0778517e-02   2.5231098e-02   2.2910328e-02   2.6649993e-02
   4.0000000e+00   1.8886692e+00   1.8979065e+00   1.9067609e+00   1.8920544e+00   1.8865187e+00   1.9150551e+00   2.2752926e-02   2.4477750e-02   2.1731363e-02   2.4204345e-02   2.4225956e-02   2.8743248e-02
   5.0000000e+00   1.8892019e+00   1.8968071e+00   1.9061124e+00   1.8894690e+00   1.8871850e+00   1.9127060e+00   2.2628911e-02   2.5376326e-02   2.5119951e-02   2.2341201e-02   2.8761218e-02   2.5513076e-02
   6.0000000e+00   1.8899662e+00   1.8962168e+00   1.9056242e+00   1.8887151e+00   1.8893806e+00   1.9132529e+00   2.3320592e-02   2.9089113e-02   2.5531286e-02   2.2361473e-02   2.6285326e-02   2.4273253e-02
   7.0000000e+00   1.8919944e+00   1.8967081e+00   1.9070971e+00   1.8888830e+00   1.8902509e+00   1.9074798e+00   2.5477825e-02   3.0750912e-02   2.7879589e-02   2.4599851e-02   2.5301321e-02   2.4741840e-02
   8.0000000e+00   1.8911790e+00   1.8977383e+00   1.9101936e+00   1.8895744e+00   1.8907984e+00   1.9092086e+00   2.4761982e-02   2.8951938e-02   2.6565004e-02   2.4512653e-02   2.4857513e-02   2.7197387e-02
   9.0000000e+00   1.8937548e+00   1.8992217e+00   1.9090007e+00   1.8889611e+00   1.8882640e+00   1.9053340e+00   2.4487496e-02   2.8566647e-02   2.6460513e-02   2.5652766e-02   2.6622458e-02   2.7609473e-02
   1.0000000e+01   1.8961865e+00   1.8965565e+00   1.9093313e+00   1.8888036e+00   1.8889997e+00   1.9038891e+00   2.4565219e-02   2.6392341e-02   3.0702502e-02   2.5799124e-02   2.5657979e-02   3.0241994e-02
   1.1000000e+01   1.8926956e+00   1.8959950e+00   1.9081197e+00   1.8861302e+00   1.8907162e+00   1.9028118e+00   2.4602363e-02   2.7288504e-02   3.0987894e-02   2.5519807e-02   2.5307534e-02   3.0137829e-02
   1.2000000e+01   1.8951794e+00   1.8980278e+00   1.9056826e+00   1.8836549e+00   1.8959145e+00   1.8948792e+00   3.0083192e-02   3.0068252e-02   3.1121289e-02   2.3189675e-02   2.6998156e-02   3.3927824e-02
   1.3000000e+01   1.8992142e+00   1.8977513e+00   1.9033233e+00   1.8834492e+00   1.8963599e+00   1.8929772e+00   3.0190911e-02   2.6945044e-02   2.9537348e-02   2.6669836e-02   2.6642719e-02   3.5645093e-02
   1.4000000e+01   1.8982716e+00   1.8970603e+00   1.8994950e+00   1.8854974e+00   1.8980427e+00   1.8931594e+00   2.7651306e-02   2.4564112e-02   2.7838605e-02   2.5824717e-02   2.6206910e-02   3.5603828e-02
   1.5000000e+01   1.9005240e+00   1.8954034e+00   1.9000453e+00   1.8870583e+00   1.8991756e+00   1.8934105e+00   2.9847182e-02   2.4481198e-02   2.5379117e-02   2.3643298e-02   2.8086855e-02   3.3897217e-02
   1.6000000e+01   1.8987027e+00   1.8911758e+00   1.8968857e+00   1.8878916e+00   1.8969203e+00   1.8921612e+00   2.7289699e-02   2.2452641e-02   2.4953441e-02   2.4937827e-02   2.8083309e-02   2.9463691e-02
   1.7000000e+01   1.8999260e+00   1.8905501e+00   1.8933406e+00   1.8859389e+00   1.8968930e+00   1.8967359e+00   2.3564079e-02   2.1577126e-02   2.5140344e-02   3.0775923e-02   2.2889260e-02   3.0193218e-02
   1.8000000e+01   1.8978986e+00   1.8912524e+00   1.8926673e+00   1.8891316e+00   1.8993435e+00   1.8988907e+00   2.3579696e-02   2.2143614e-02   2.6992424e-02   2.9051002e-02   2.5961907e-02   2.9435394e-02
   1.9000000e+01   1.8970540e+00   1.8921556e+00   1.8909919e+00   1.8895002e+00   1.9030902e+00   1.9023744e+00   2.3713834e-02   2.1063595e-02   2.5118278e-02   2.8855520e-02   2.8179227e-02   3.0690155e-02
   2.0000000e+01   1.8945178e+00   1.8938257e+00   1.8942256e+00   1.8880226e+00   1.8995310e+00   1.9051605e+00   2.7452730e-02   2.0831586e-02   2.6538223e-02   2.5241836e-02   2.6228590e-02   3.2789793e-02
   2.1000000e+01   1.8913945e+00   1.8963033e+00   1.8950768e+00   1.8885413e+00   1.8995240e+00   1.9125468e+00   2.6859089e-02   2.5646152e-02   3.0420354e-02   2.3460882e-02   2.8376976e-02   3.3748132e-02
   2.2000000e+01   1.8904221e+00   1.8992338e+00   1.8964446e+00   1.8919411e+00   1.9000072e+00   1.9155554e+00   2.6240714e-02   2.7832700e-02   3.0078181e-02   2.2153930e-02   3.0949567e-02   3.1386340e-02
   2.3000000e+01   1.8870235e+00   1.8995674e+00   1.9025864e+00   1.8945026e+00   1.8996750e+00   1.9154208e+00   2.6114623e-02   2.9491424e-02   2.9605471e-02   2.5018676e-02   2.9227296e-02   2.8996160e-02
   2.4000000e+01   1.8851123e+00   1.8964169e+00   1.9045739e+00   1.8933930e+00   1.8968334e+00   1.9135240e+00   2.4343807e-02   3.0530321e-02   2.5065802e-02   2.6207792e-02   2.8894869e-02   2.8319273e-02
   2.5000000e+01   1.8809945e+00   1.8925184e+00   1.9055856e+00   1.8969405e+00   1.8974125e+00   1.9106155e+00   2.3256907e-02   2.6741853e-02   2.5160474e-02   2.4338579e-02   2.6385751e-02   2.2806366e-02
   2.6000000e+01   1.8834305e+00   1.8882576e+00   1.9074278e+00   1.9000595e+00   1.8995877e+00   1.9086980e+00   2.3454753e-02   2.5587211e-02   2.6576225e-02   1.9597591e-02   2.5262816e-02   2.2487240e-02
   2.7000000e+01   1.8852598e+00   1.8848510e+00   1.9109894e+00   1.9009841e+00   1.8978341e+00   1.9061253e+00   2.9543420e-02   2.7344460e-02   2.8183681e-02   2.3007604e-02   2.3477329e-02   2.1713352e-02
   2.8000000e+01   1.8843710e+00   1.8790649e+00   1.9138242e+00   1.9028893e+00   1.8982865e+00   1.9052283e+00   3.1439400e-02   2.5278801e-02   2.8666984e-02   2.5380075e-02   2.4408278e-02   2.4460116e-02
   2.9000000e+01   1.8859533e+00   1.8782441e+00   1.9119671e+00   1.9068827e+00   1.8974563e+00   1.9029713e+00   3.2705590e-02   2.5597661e-02   2.8946604e-02   2.3705705e-02   2.5787370e-02   2.0997044e-02
   3.0000000e+01   1.8818448e+00   1.8782834e+00   1.9123631e+00   1.9105737e+00   1.8980671e+00   1.9031304e+00   3.1983358e-02   2.5688744e-02   3.1735445e-02   2.5884060e-02   2.5443734e-02   2.2578902e-02
   3.1000000e+01   1.8797092e+00   1.8790206e+00   1.9091249e+00   1.9129210e+00   1.8985085e+00   1.8994531e+00   3.0780055e-02   2.6214184e-02   3.2864890e-02   2.6031073e-02   2.6915813e-02   2.1004639e-02
   3.2000000e+01   1.8794474e+00   1.8805176e+00   1.9080159e+00   1.9142477e+00   1.8981417e+00   1.8988938e+00   3.3255965e-02   2.4258996e-02   2.7989376e-02   2.6876722e-02   2.5213914e-02   1.5341980e-02
   3.3000000e+01   1.8817131e+00   1.8814468e+00   1.9096954e+00   1.9134962e+00   1.9018942e+00   1.8960171e+00   3.5028853e-02   2.0376975e-02   2.9465595e-02   2.6590721e-02   2.2842649e-02   1.8131460e-02
   3.4000000e+01   1.8816492e+00   1.8800280e+00   1.9024798e+00   1.9142473e+00   1.8983628e+00   1.8955711e+00   3.7790810e-02   1.9104412e-02   3.0117531e-02   2.8464265e-02   2.2755674e-02   1.9564079e-02
   3.5000000e+01   1.8811887e+00   1.8787651e+00   1.8943470e+00   1.9110899e+00   1.8990151e+00   1.8945675e+00   3.4764540e-02   1.9696235e-02   2.8964226e-02   3.0832040e-02   2.2767849e-02   2.4463289e-02
   3.6000000e+01   1.8811495e+00   1.8822593e+00   1.8908175e+00   1.9089543e+00   1.9008706e+00   1.8934939e+00   3.1843047e-02   1.9087566e-02   2.8993881e-02   3.2093305e-02   2.3098754e-02   2.5534114e-02
   3.7000000e+01   1.8813959e+00   1.8803324e+00   1.8875711e+00   1.9049101e+00   1.9041228e+00   1.8942028e+00   3.2165900e-02   1.8922520e-02   2.7901490e-02   3.2657540e-02   2.7060315e-02   2.3663241e-02
   3.8000000e+01   1.8830587e+00   1.8813587e+00   1.8892806e+00   1.9039414e+00   1.9054055e+00   1.8940280e+00   2.7998333e-02   2.0923926e-02   2.9351124e-02   3.0155038e-02   2.2845362e-02   2.0494560e-02
   3.9000000e+01   1.8832455e+00   1.8814012e+00   1.8924499e+00   1.9010638e+00   1.9079952e+00   1.8923276e+00   2.5031165e-02   2.5612392e-02   2.7134491e-02   2.6598224e-02   2.3950272e-02   2.2601542e-02
   4.0000000e+01   1.8848557e+00   1.8799144e+00   1.8950326e+00   1.8971645e+00   1.9064872e+00   1.8915911e+00   2.5231455e-02   2.4293373e-02   2.5191638e-02   2.3274343e-02   2.3000675e-02   2.4846904e-02
   4.1000000e+01   1.8860290e+00   1.8783840e+00   1.8970422e+00   1.8922506e+00   1.9066327e+00   1.8928440e+00   2.5295994e-02   2.3772992e-02   2.2135014e-02   2.1981753e-02   2.3334375e-02   2.3700456e-02
   4.2000000e+01   1.8852290e+00   1.8780063e+00   1.8974812e+00   1.8928376e+00   1.9098170e+00   1.8931050e+00   2.7348645e-02   2.5166706e-02   2.0336226e-02   2.1077691e-02   2.4213339e-02   2.7148734e-02
   4.3000000e+01   1.8835098e+00   1.8798808e+00   1.8955547e+00   1.8960253e+00   1.9065560e+00   1.8933728e+00   2.6827864e-02   2.4484269e-02   1.9236581e-02   2.1600097e-02   2.4423123e-02   2.8513518e-02
   4.4000000e+01   1.8807646e+00   1.8813587e+00   1.8950075e+00   1.9002722e+00   1.9001979e+00   1.8943307e+00   2.4266630e-02   2.5688240e-02   2.1728007e-02   2.3171758e-02   2.4568747e-02   2.8591539e-02
   4.5000000e+01   1.8788415e+00   1.8829879e+00   1.8938086e+00   1.9011606e+00   1.9002387e+00   1.8958766e+00   2.7158832e-02   2.5726260e-02   2.3396400e-02   1.9969796e-02   2.8299684e-02   2.8580037e-02
   4.6000000e+01   1.8781123e+00   1.8857189e+00   1.8932154e+00   1.9037001e+00   1.9006307e+00   1.8969511e+00   2.8168746e-02   2.6818607e-02   2.2936630e-02   2.2659813e-02   3.2199165e-02   2.7629440e-02
   4.7000000e+01   1.8771830e+00   1.8932701e+00   1.8890949e+00   1.9057555e+00   1.8997439e+00   1.8995183e+00   3.0173697e-02   2.5279931e-02   2.6392620e-02   2.1169133e-02   3.5198426e-02   2.7026024e-02
   4.8000000e+01   1.8769798e+00   1.8969551e+00   1.8850721e+00   1.9078840e+00   1.8996996e+00   1.9001641e+00   3.0065412e-02   2.4007593e-02   2.9646416e-02   2.1556054e-02   3.3757074e-02   2.7318860e-02
   4.9000000e+01   1.8828485e+00   1.9039346e+00   1.8845631e+00   1.9134551e+00   1.8995374e+00   1.8999522e+00   2.6729267e-02   2.2199103e-02   3.2044163e-02   2.4082824e-02   3.1940847e-02   2.4486048e-02
   5.0000000e+01   1.8862050e+00   1.9069952e+00   1.8832029e+00   1.9154563e+00   1.8992792e+00   1.9017262e+00   2.3828272e-02   2.2057570e-02   3.5017103e-02   2.4660849e-02   2.8935806e-02   2.4992276e-02
   5.1000000e+01   1.8884202e+00   1.9048115e+00   1.8816606e+00   1.9143098e+00   1.8940860e+00   1.9053196e+00   2.5898408e-02   2.2377723e-02   3.5078888e-02   2.7731724e-02   2.4841437e-02   2.5765040e-02
   5.2000000e+01   1.8892519e+00   1.9005219e+00   1.8845298e+00   1.9115103e+00   1.8908095e+00   1.9085508e+00   2.7740998e-02   2.1291198e-02   3.2583982e-02   2.9759313e-02   2.4352435e-02   2.5883584e-02
   5.3000000e+01   1.8928774e+00   1.8997195e+00   1.8888038e+00   1.9095081e+00   1.8856104e+00   1.9119718e+00   2.6947874e-02   2.2760361e-02   3.3609234e-02   2.9846796e-02   2.4424961e-02   2.6796252e-02
   5.4000000e+01   1.8928021e+00   1.8940102e+00   1.8921485e+00   1.9074095e+00   1.8810383e+00   1.9160367e+00   2.4961483e-02   2.3295186e-02   3.1341230e-02   3.4780749e-02   2.5246946e-02   3.1112916e-02
   5.5000000e+01   1.8985690e+00   1.8919960e+00   1.8925570e+00   1.9047406e+00   1.8779769e+00   1.9140856e+00   2.6634063e-02   2.6537617e-02   3.1950440e-02   3.1587076e-02   2.4958252e-02   3.0584671e-02
   5.6000000e+01   1.9043800e+00   1.8927935e+00   1.8935905e+00   1.9017357e+00   1.8761856e+00   1.9092868e+00   2.7600732e-02   2.6313433e-02   3.0781961e-02   2.8455984e-02   2.7127258e-02   2.7950528e-02
   5.7000000e+01   1.9051886e+00   1.8921386e+00   1.8958380e+00   1.8998013e+00   1.8777043e+00   1.9090865e+00   2.5477726e-02   2.7044404e-02   3.0852175e-02   2.7395068e-02   2.6638562e-02   2.7375539e-02
   5.8000000e+01   1.9024314e+00   1.8916053e+00   1.9003648e+00   1.8993930e+00   1.8800077e+00   1.9075119e+00   2.6105794e-02   2.4991736e-02   2.8119656e-02   2.5397762e-02   2.7149909e-02   2.3580417e-02
   5.9000000e+01   1.8993284e+00   1.8911221e+00   1.9036019e+00   1.9007558e+00   1.8843337e+00   1.9085709e+00   2.3388210e-02   2.1971197e-02   2.9093591e-02   2.7428736e-02   3.1005676e-02   2.3918893e-02
   6.0000000e+01   1.8985488e+00   1.8908090e+00   1.9054725e+00   1.8982208e+00   1.8900154e+00   1.9021457e+00   2.1524348e-02   2.3926486e-02   2.8989486e-02   2.8786460e-02   3.3642689e-02   2.3583673e-02
   6.1000000e+01   1.8910426e+00   1.8927031e+00   1.9048910e+00   1.8934940e+00   1.8883756e+00   1.9011302e+00   2.1219022e-02   2.4481834e-02   2.3877641e-02   2.7119162e-02   2.9095509e-02   2.7809882e-02
   6.2000000e+01   1.8864476e+00   1.8938548e+00   1.9033719e+00   1.8952412e+00   1.8912083e+00   1.9007601e+00   2.2633157e-02   3.1390079e-02   2.5338088e-02   2.7563040e-02   2.3434417e-02   2.9632853e-02
   6.3000000e+01   1.8845375e+00   1.8939018e+00   1.9076512e+00   1.8913744e+00   1.8904772e+00   1.9039112e+00   2.3961373e-02   3.3433915e-02   2.6610091e-02   2.7155081e-02   2.3257901e-02   2.9391351e-02
